+1 -0.377551020408163 -0.479591836734694
-1 -0.0714285714285715 -0.479591836734694
-1 0.275510204081633 -0.438775510204082
+1 -0.459183673469388 -0.418367346938776
-1 -0.214285714285714 -0.397959183673469
-1 0.418367346938776 -0.397959183673469
+1 -0.459183673469388 -0.336734693877551
-1 0.316326530612245 -0.336734693877551
-1 -0.214285714285714 -0.316326530612245
-1 0.0102040816326531 -0.316326530612245
+1 -0.377551020408163 -0.275510204081633
-1 0.255102040816326 -0.255102040816327
+1 0.397959183673469 -0.23469387755102
+1 -0.316326530612245 -0.214285714285714
-1 -0.0714285714285715 -0.173469387755102
-1 0.295918367346939 -0.173469387755102
+1 0.459183673469388 -0.13265306122449
-1 -0.173469387755102 -0.112244897959184
+1 -0.295918367346939 -0.0918367346938775
-1 0.275510204081633 -0.0918367346938775
-1 0.0714285714285714 -0.0714285714285715
+1 0.336734693877551 -0.0306122448979592
-1 -0.0510204081632653 0.0102040816326531
-1 0.214285714285714 0.0102040816326531
+1 -0.275510204081633 0.0306122448979592
-1 0.214285714285714 0.0714285714285714
-1 0.13265306122449 0.0918367346938775
+1 0.316326530612245 0.0918367346938775
-1 -0.0510204081632653 0.112244897959184
+1 -0.214285714285714 0.13265306122449
-1 0.0510204081632653 0.13265306122449
-1 -0.0306122448979592 0.173469387755102
+1 0.214285714285714 0.193877551020408
+1 -0.397959183673469 0.23469387755102
+1 -0.0510204081632653 0.255102040816326
+1 0.397959183673469 0.295918367346939
+1 -0.418367346938776 0.336734693877551
+1 -0.0510204081632653 0.377551020408163
+1 0.316326530612245 0.397959183673469
+1 0.13265306122449 0.438775510204082
+1 -0.173469387755102 0.459183673469388
